	AAEG.longest_only	AALB.longest_only	AEAL.longest_only	ASTE.longest_only	BCOP.longest_only	BTRY.longest_only	CCAP.longest_only	CPIP.longest_only	CQUI.longest_only	DALB.longest_only	DANA.longest_only	DBIA.longest_only	DBUS.longest_only	DELE.longest_only	DERE.longest_only	DEUG.longest_only	DFIC.longest_only	DGUA.longest_only	DHYD.longest_only	DKIK.longest_only	DMAU.longest_only	DMEL.longest_only	DMIR.longest_only	DNOV.longest_only	DPER.longest_only	DPSE.longest_only	DSAN.longest_only	DSEC.longest_only	DSER.longest_only	DSIM.longest_only	DSUB.longest_only	DSUP.longest_only	DSUZ.longest_only	DVIR.longest_only	DYAK.longest_only	HILL.longest_only	SLEB.longest_only
AAEG.longest_only	10591	9037	10070	9129	8396	7990	6365	9538	9546	7808	7960	7959	7856	7970	7977	7970	7973	7944	7950	7982	7991	7996	7995	7895	7974	7989	7969	7967	7979	7980	7968	7967	7971	7962	7980	8327	7966
AALB.longest_only	9037	9659	8839	9380	8200	7872	6292	8793	8830	7707	7863	7861	7766	7857	7879	7863	7870	7854	7859	7877	7884	7892	7885	7800	7875	7877	7878	7870	7878	7876	7866	7863	7870	7871	7879	8193	7867
AEAL.longest_only	10070	8839	11302	8936	8242	7849	6319	9447	9398	7647	7798	7812	7691	7973	7810	7977	7924	7781	7783	7968	7828	7829	7842	7725	7802	7827	7812	7818	7873	7818	7803	7806	7825	7794	7826	8138	7799
ASTE.longest_only	9129	9380	8936	9810	8253	7904	6320	8883	8914	7720	7882	7874	7785	7877	7899	7883	7888	7868	7876	7893	7903	7904	7910	7827	7891	7900	7898	7889	7895	7890	7876	7886	7895	7890	7891	8237	7888
BCOP.longest_only	8396	8200	8242	8253	9957	8171	6489	8119	8154	7985	8164	8167	8046	8207	8172	8214	8202	8142	8145	8209	8185	8186	8189	8085	8166	8179	8170	8168	8190	8176	8155	8167	8171	8163	8177	8478	8145
BTRY.longest_only	7990	7872	7849	7904	8171	10384	7999	7755	7781	9246	9470	9457	9284	9454	9477	9431	9452	9438	9420	9477	9501	9498	9510	9380	9469	9501	9472	9474	9469	9496	9467	9482	9500	9460	9496	8558	9416
CCAP.longest_only	6365	6292	6319	6320	6489	7999	8718	6218	6221	7314	7523	7507	7354	7542	7516	7529	7546	7494	7469	7557	7532	7528	7566	7445	7528	7533	7516	7526	7530	7522	7502	7512	7536	7507	7517	6810	7461
CPIP.longest_only	9538	8793	9447	8883	8119	7755	6218	11134	10410	7557	7707	7696	7605	7702	7719	7707	7723	7690	7691	7719	7733	7735	7742	7637	7716	7729	7715	7711	7718	7726	7713	7712	7719	7704	7730	8080	7707
CQUI.longest_only	9546	8830	9398	8914	8154	7781	6221	10410	10987	7600	7753	7742	7644	7752	7766	7756	7765	7733	7733	7761	7780	7778	7785	7674	7757	7771	7759	7754	7764	7768	7756	7755	7761	7742	7771	8124	7751
DALB.longest_only	7808	7707	7647	7720	7985	9246	7314	7557	7600	10776	10356	10353	10137	10346	10380	10339	10337	10305	10404	10331	10405	10407	10371	10393	10328	10367	10382	10379	10322	10405	10336	10366	10369	10502	10401	8347	10175
DANA.longest_only	7960	7863	7798	7882	8164	9470	7523	7707	7753	10356	11583	11276	10413	11228	11299	11251	11240	10930	10648	11119	11333	11324	11019	10636	10962	11001	11310	11314	11119	11324	10965	11299	11296	10748	11328	8517	10626
DBIA.longest_only	7959	7861	7812	7874	8167	9457	7507	7696	7742	10353	11276	11894	10425	11517	11515	11534	11486	10937	10632	11247	11567	11554	11018	10634	10976	11008	11538	11553	11214	11549	10966	11660	11656	10745	11556	8518	10625
DBUS.longest_only	7856	7766	7691	7785	8046	9284	7354	7605	7644	10137	10413	10425	10755	10402	10437	10396	10414	10342	10454	10376	10459	10457	10397	10439	10374	10387	10436	10439	10381	10444	10362	10427	10421	10527	10442	8402	10260
DELE.longest_only	7970	7857	7973	7877	8207	9454	7542	7702	7752	10346	11228	11517	10402	12601	11454	12123	11865	10918	10612	11766	11506	11493	11007	10606	10957	10989	11476	11514	11401	11490	10947	11475	11476	10717	11494	8529	10590
DERE.longest_only	7977	7879	7810	7899	8172	9477	7516	7719	7766	10380	11299	11515	10437	11454	11821	11488	11451	10960	10659	11215	11731	11717	11051	10650	11004	11034	11683	11704	11213	11708	10992	11537	11532	10763	11701	8538	10643
DEUG.longest_only	7970	7863	7977	7883	8214	9431	7529	7707	7756	10339	11251	11534	10396	12123	11488	12582	11875	10919	10607	11674	11528	11517	11007	10606	10961	10997	11510	11533	11373	11528	10950	11500	11495	10713	11533	8524	10597
DFIC.longest_only	7973	7870	7924	7888	8202	9452	7546	7723	7765	10337	11240	11486	10414	11865	11451	11875	12266	10918	10620	11469	11492	11477	11005	10612	10953	10990	11486	11486	11314	11486	10946	11472	11455	10724	11494	8529	10612
DGUA.longest_only	7944	7854	7781	7868	8142	9438	7494	7690	7733	10305	10930	10937	10342	10918	10960	10919	10918	11477	10555	10876	10982	10992	11197	10545	11143	11190	10978	10959	10871	10995	11335	10960	10963	10652	10986	8505	10514
DHYD.longest_only	7950	7859	7783	7876	8145	9420	7469	7691	7733	10404	10648	10632	10454	10612	10659	10607	10620	10555	11085	10591	10672	10674	10610	10798	10585	10605	10654	10652	10594	10661	10578	10640	10633	10907	10656	8505	10460
DKIK.longest_only	7982	7877	7968	7893	8209	9477	7557	7719	7761	10331	11119	11247	10376	11766	11215	11674	11469	10876	10591	12225	11241	11243	10967	10586	10925	10947	11222	11247	11490	11230	10904	11214	11211	10696	11239	8533	10549
DMAU.longest_only	7991	7884	7828	7903	8185	9501	7532	7733	7780	10405	11333	11567	10459	11506	11731	11528	11492	10982	10672	11241	11983	11815	11079	10663	11017	11068	11747	11850	11238	11876	11022	11582	11586	10779	11779	8555	10667
DMEL.longest_only	7996	7892	7829	7904	8186	9498	7528	7735	7778	10407	11324	11554	10457	11493	11717	11517	11477	10992	10674	11243	11815	11926	11075	10668	11021	11065	11742	11789	11254	11825	11031	11598	11598	10778	11771	8561	10661
DMIR.longest_only	7995	7885	7842	7910	8189	9510	7566	7742	7785	10371	11019	11018	10397	11007	11051	11007	11005	11197	10610	10967	11079	11075	11928	10615	11496	11616	11057	11061	10954	11072	11251	11044	11053	10721	11076	8554	10586
DNOV.longest_only	7895	7800	7725	7827	8085	9380	7445	7637	7674	10393	10636	10634	10439	10606	10650	10606	10612	10545	10798	10586	10663	10668	10615	11233	10590	10603	10640	10649	10585	10653	10561	10636	10635	11105	10650	8443	10470
DPER.longest_only	7974	7875	7802	7891	8166	9469	7528	7716	7757	10328	10962	10976	10374	10957	11004	10961	10953	11143	10585	10925	11017	11021	11496	10590	11663	11519	11004	11008	10921	11017	11182	10994	10991	10686	11011	8528	10557
DPSE.longest_only	7989	7877	7827	7900	8179	9501	7533	7729	7771	10367	11001	11008	10387	10989	11034	10997	10990	11190	10605	10947	11068	11065	11616	10603	11519	11778	11042	11039	10942	11069	11243	11025	11031	10709	11066	8548	10570
DSAN.longest_only	7969	7878	7812	7898	8170	9472	7516	7715	7759	10382	11310	11538	10436	11476	11683	11510	11486	10978	10654	11222	11747	11742	11057	10640	11004	11042	11923	11722	11220	11772	11001	11599	11602	10756	11845	8533	10631
DSEC.longest_only	7967	7870	7818	7889	8168	9474	7526	7711	7754	10379	11314	11553	10439	11514	11704	11533	11486	10959	10652	11247	11850	11789	11061	10649	11008	11039	11722	11973	11228	11837	10994	11566	11563	10764	11751	8529	10648
DSER.longest_only	7979	7878	7873	7895	8190	9469	7530	7718	7764	10322	11119	11214	10381	11401	11213	11373	11314	10871	10594	11490	11238	11254	10954	10585	10921	10942	11220	11228	11839	11225	10900	11226	11220	10693	11228	8530	10546
DSIM.longest_only	7980	7876	7818	7890	8176	9496	7522	7726	7768	10405	11324	11549	10444	11490	11708	11528	11486	10995	10661	11230	11876	11825	11072	10653	11017	11069	11772	11837	11225	11996	11031	11605	11610	10766	11810	8546	10653
DSUB.longest_only	7968	7866	7803	7876	8155	9467	7502	7713	7756	10336	10965	10966	10362	10947	10992	10950	10946	11335	10578	10904	11022	11031	11251	10561	11182	11243	11001	10994	10900	11031	11533	10994	10996	10674	11027	8526	10533
DSUP.longest_only	7967	7863	7806	7886	8167	9482	7512	7712	7755	10366	11299	11660	10427	11475	11537	11500	11472	10960	10640	11214	11582	11598	11044	10636	10994	11025	11599	11566	11226	11605	10994	11975	11834	10751	11614	8523	10643
DSUZ.longest_only	7971	7870	7825	7895	8171	9500	7536	7719	7761	10369	11296	11656	10421	11476	11532	11495	11455	10963	10633	11211	11586	11598	11053	10635	10991	11031	11602	11563	11220	11610	10996	11834	12043	10750	11613	8536	10641
DVIR.longest_only	7962	7871	7794	7890	8163	9460	7507	7704	7742	10502	10748	10745	10527	10717	10763	10713	10724	10652	10907	10696	10779	10778	10721	11105	10686	10709	10756	10764	10693	10766	10674	10751	10750	11363	10770	8524	10546
DYAK.longest_only	7980	7879	7826	7891	8177	9496	7517	7730	7771	10401	11328	11556	10442	11494	11701	11533	11494	10986	10656	11239	11779	11771	11076	10650	11011	11066	11845	11751	11228	11810	11027	11614	11613	10770	11954	8550	10641
HILL.longest_only	8327	8193	8138	8237	8478	8558	6810	8080	8124	8347	8517	8518	8402	8529	8538	8524	8529	8505	8505	8533	8555	8561	8554	8443	8528	8548	8533	8529	8530	8546	8526	8523	8536	8524	8550	9552	8508
SLEB.longest_only	7966	7867	7799	7888	8145	9416	7461	7707	7751	10175	10626	10625	10260	10590	10643	10597	10612	10514	10460	10549	10667	10661	10586	10470	10557	10570	10631	10648	10546	10653	10533	10643	10641	10546	10641	8508	11009
